2024-06-04,我国取消无偿赠送大熊猫已40多年,才知道微信可以锁屏录音,以色列已接受拜登三步走停火方案,施工坍塌事故实习生或被追刑责,秦岚觉得结了婚就不要离婚,住房公积金从季取变月取,数只美股疑似出现行情异常,孙颖莎vs王曼昱,月球背面有了一个中国字,嫦娥六号挖到月球土特产了,中国首个重载铁路加氢站,外交部回应靖国神社石柱被涂鸦,航拍视角看三北工程,女科学家把3cm鱼骨切了500多片,升格视频诠释嫦娥奔月之美,张继科被前合作品牌方起诉,孙颖莎 正手,朋友圈全开的是什么样的人,中国探月工程不断刷新月球探测纪录,做了将近七个小时的饭,人民文娱评墨雨云间,婚房装成这样结婚更难了,印度高温 恒河洗澡,巴菲特,曝iPhone16Pro拥有行业最窄边框,斯坦福抄袭中国大模型,范丞丞受伤,孙颖莎女单夺冠,早睡真能解决生活中大部分的问题,毒液3直到死亡将他们分开,追星女带ID的一生,戚薇录乘风十天没理李承铉,叶轻眉 大女主,丁真自曝刚上岛跟不上节奏,研究称未来日本40%城镇街村将消失,蔡徐坤染了银发梦回偶练,王楚钦vs樊振东,樊振东男单冠军,2只旅韩大熊猫幼崽最快2025年将回国,五星红旗在月球背面成功展开,向为金色麦田上分的他们道一声辛苦,浙江两失联驴友被找到已无生命体征,王楚钦 脚踝,斯坦福团队道歉,爹和祖母都不爱姜梨,男子用私密视频威胁前女友被刑拘,阿Sa张韶涵还原公主小妹名场面,电蚊拍和杀虫剂一起用会着火,董力为花2000元吃饭道歉,吴谨言演技,赵露思状态,王源广州抢票,王星越好帅,Uzi直播红温,四川地震,女子11次高空扔烟蒂引发火灾,全球男性HPV感染率高于女性,莎头,11岁独腿男孩拄拐打篮球走红,清华博士送水泥戒指求婚被嘲笑,北京8兄妹因搬迁争夺宅基地,秦岚听到辛芷蕾入围白玉兰反应,装修一口价22万开工后却又加8万,樊振东说更在意王楚钦伤势,伯克希尔哈撒韦,姆巴佩,知道为什么洪世贤认不出品如了,樊振东4比3战胜王楚钦,天王的爸天后的妈 破碎的家顶流的他,爱奇艺给杨幂开了专栏,相思令已过审,五星红旗在月背升起,88VIP大额券你用了吗,53岁阿姨开网约车16小时在路上,孙颖莎世排第一7700分,弟弟离高考只有三天手筋断了一根,墨雨云间,以为王安宇去变形记了,于正 选角,杜海涛又又又瘦了,战至巅峰,鞠婧祎背沟好深,无陪护病房是否应该全国推广,科学家确认熬夜损伤大脑,嫦娥六号着陆器上升器合影,AI换脸帮我骗过了姥姥,美股,首饰金价重回5字头,官方回应幼儿园老师退儿童节演出服,身中15刀牺牲民警的女儿即将高考,深蓝汽车找网友借流量宠粉,墨雨云间的狂徒,海清曝温峥嵘把大学宿舍烧了,原来衣服220g说的不是重量,韩国市长请求中国赠送一对大熊猫,奶爸把福宝内舍打扫得一尘不染,俞敏洪称东方甄选做的乱七八糟,高圆圆 我gap比上班多,庆余年2或成上半年剧王,张凌赫新郎造型,易烊千玺压腿旧照,余承东称智界S7女性用户占比近四成,印度现近50度高温连蚊子都消失,墨雨云间 嫡嫁千金,今年端午你家粽子是买还是包,广州网红天池再有1人野泳溺亡,长期睡眠不足可能会抑郁,女子偷偷自己攒钱买房后被父母阴阳,董宇辉称高考不决定人生,打工人在711吃午饭丢人吗,林俊杰怎么比陶喆还抽象,花儿与少年好友记,金俊勉公开为加沙捐款,原来减肥的尽头是提高代谢,45岁独生子决定带着妈妈上班,三十岁是真正意义上的十八岁,低价买入巴菲特公司股票交易无效,秦岚素颜好顶,高二男生一米九坐课桌椅弯腿驼背,原神艾梅莉埃,母女都装软妹只有活爹受罪,宝马腰斩式大降价,阮经天 人光是活着就很努力了,孙颖莎说和王曼昱都是胜利者,吃一个粽子要消化多久,美国仅7%用户每天使用ChatGPT,高考建议不要穿这4种衣服,为何大家丧失了原倍速看剧的能力,孙颖莎赛后发文,杨幂叫迪丽热巴BB,嫦娥六号在月球发了第一条微博,张雪峰称多占用员工1天都双倍奉还,王楚钦世排第一7725分,补习花了近70万发现老师无初中教资证,秦岚腰臀比,男性感染HPV后大部分可能无症状,皇马球迷喊话樊振东巴黎加油,嫦娥六号,乌克兰承认巴勒斯坦是一个国家,辛芷蕾脚底板也黑了,陈丽君 投票,戚薇李承铉去了周杰伦演唱会,河南漯河一轿车与火车相撞,孙颖莎4比3王曼昱,商户卖假牛肉被揭穿后摔相机,艾米才16岁,同事说领导是大专生干不成事情正常,舒淇 原生家庭,迪丽热巴新歌首发,曹格说很需要一个女朋友,蔡徐坤转场变装,mbti新题,姆巴佩正式加盟皇马,防水猫洗了半天还是干的,以为爸妈只给妹妹买了新玩具车,缺牙齿会惩罚每一个嘴硬的人,嫦娥六号微博报到,原来风油精还可以这样用,JDG官宣早点,巴黎将扣姆巴佩3个月工资,上海出发睡一觉到香港,夏天提升幸福感的9件小事,高考倒计时,张小斐 蜕变,婴儿被指满脸不屑表情撞脸Loopy,庆余年剧组群演夸赞张若昀,墨雨云间 上头,用95元吃了10个菜一碗面,韩雪 选曲投票,嫦娥六号与国旗自拍合影,这英去摇龚琳娜了,黄子弘凡质疑刘维发的本人吗,乘风,为什么收拾房间有助于攒钱,韩国人在广西实现水果自由,田雨的减肥秘籍是远离张若昀,三家日本车企高管开记者会道歉,宋雨琦章昊Ricky国内同框,王星越评价夺人妻新赛道,美股所有错误交易被视为无效,广汽丰田致歉,每天最佳坐站睡动时间比例出炉,沈小婷新闻图,田雨说范闲和王启年的心更近了,祝绪丹白发公主切,张雪峰说最难的考试其实是中考,93岁默多克迎娶67岁俄裔科学家,张若昀范闲5月角色热度榜冠军,infp都是睡觉型选手,偏偏二喜的人最争气,孙颖莎王曼昱角逐女单冠军,Steam代安装,小狗去宠物店洗澡被误以为很脏,江疏影去看了辛芷蕾话剧初步举证,2000多年前治风湿的药方今天还能用,GQ工作人员夸赞时代少年团,想喝杯加了珍珠的奶茶有多难,于正新剧,加菲猫 杀我别用小猫刀,樊振东孙颖莎冠军合影,千山茶客,肖战藏海传饭制伪预告,浙江大厂一天怎么做7万人次的三餐,迪丽热巴新歌DanceVideo,陈乔恩上次演反派是东方不败,石宇奇登顶世界第一,浙江两驴友被溪流冲走当地商户发声,这届实习生显然已经nextlevel了,陈乔恩吴谨言脸颊比心,迪丽热巴叼花镜头,丁程鑫刘耀文日本路透,夏天手上长巨痒小水泡怎么办,winter灵巧的腰,张予曦说我喜欢累,秦岚辛芷蕾是懂互相伤害的,嫦娥六号发微博说我看中,李雅凛涉嫌虐待子女,迪丽热巴比耶撞脸表情包,网传战至巅峰3阵容,蔡斌在大巴车被球迷包围,高考为什么会在六月的七八号,Bobby今日入伍,浙江2名游客横渡溪流被冲走,校长穿正装秀一字马嗨爆全场,为什么听自己的声音回放觉得难听,层出不穷的老年人养生骗局,赵露思的出片秘密,鸭嘴钳背后看不见的女性之痛,2024高考倒计时3天,一颗责任重大的椰子,魏姐 爽文女主,微博电影之夜,便利贴正确使用方法,黎深 共赴巫山神女祭祀,菲律宾一火山喷发灰柱高达5000米,嫦娥六号何时返回地球,私藏发型小技巧,韩国将停止919军事协议的效力,官方回应施工坍塌实习生或被追刑责,坚持早睡后的身体变化,孙颖莎发布会现场把奖杯丢了,田曦薇上下班反差,王星越在我首页叼了一天玉佩,奥康将离开Alpine,张真源章昊奔跑吧同框,人民海军版我有一个帽衫又萌又猛,这份菜谱满满都是对高考生的爱,姆巴佩未入选奥运名单,迪丽热巴 TopGirl,袁娅维 双截棍,18岁长女高考后妈生3胎弟弟,陈泽直播,陈泽抽奖,乘风之夜组队选曲征集,义乌老奶奶闲不下来在家做手工活,这个家没有王栎鑫得散,千金府直播,周深A起来了,胖莎,蒲熠星直拍,宝宝眼球被蜇进1根刺1个月才发现,记忆里的明星批量翻红,全世界最催眠的视频找到了,高考前看到妈妈的手机破防了,伯克希尔哈撒韦暴跌99.97%,爱喝含糖饮料的女性肝癌风险更高,猫 忘了我也会,嫦娥六号帮我带个ID