2025-04-01,小米SU7高速碰撞爆燃事件细节,金秀贤起诉金赛纶家属赔偿120亿,金秀贤记者会直播,金秀贤和未成年金赛纶约会视频,东部战区进逼,台湾,河南一枯井发现近百名烈士遗骸,张国荣,山姆客服称水果中吃出虫是正常情况,这不是愚人节 这是情人节,中国园林有朵石做的云,国家标准住宅项目规范发布,利路修正式退圈,疑似一种新病毒在俄罗斯蔓延,走路10分钟身体就发生了变化,快递员因同一人连收100个包裹报警了,云岭天路春潮涌,黄旭熙宣布台湾出道,何泓姗硬刚浪姐,日本特大地震若发生或致近30万人死亡,东部战区降妖除魔,愚人节,唐鹤德 谁能代替你地位,4月1日含义是81192,海警按一个中国原则环台岛执法管控,这是对台独的严重警告和有力遏制,解放军台岛周边开展联合演训,金秀贤舌头,夫妻俩备孕无果到烈士陵园求子,愚人节站姐团建,东部战区发布动漫壳,东部战区位台岛周边联演,马斯克宣布将辞去美国政府效率部职务,男子1.5万机票款退票被扣1.4万,男子送货途中水库用鞭炮炸鱼身亡,10元盒饭姐喊话浪费顾客一辈子别来,金秀贤拍的金赛纶睡觉照片,心理师锐评赵露思新综艺,张予曦站姐拍的杨幂,2025中国网络媒体论坛,乌尔善发文,平台回应机票提前5月退款仅退5千,沉浸式感受广西三月三,成毅站姐做的迪丽热巴贺思慕海报,张檬称月子要坐满100天,北京骑手回应缴五险一金后月收入,10元盒饭姐因浪费气得不想出摊,警方回应小米SU7高速车祸致3死,邓为站姐发了fx,孟子义站姐发了李昀锐和秦霄贤,王艳发了赤脚鬼,金秀贤把鼻子上的妆抹掉了,头像玄学,唐艺昕辟谣和张若昀因为追尾认识,房琪 彭小苒,妹妹刷缅甸救援视频认出姐姐的手,中医把脉称甲亢哥没有甲亢,昀牵孟绕,周雨说孙颖莎影响力太大了,张艺凡瘦成这样,帮助劫匪逃脱警方追捕的法律后果,做堂堂正正的中国人,片场捕捉野生文淇,杜淳妻子网购遭客服拿地址威胁,逼疯翻译组的动画名场面,别家站姐拍的赵露思,黄誉博愚人节玩了把大的,好房子的新标准来了,终于有人把大学专业说清楚了,夫妻自如租房5年妻子多项指标异常,乘风2025四公帮唱组队征集,时代少年团 录播,黄金涨至新纪录高位,横店变竖店了,甲亢哥针灸正骨后已老实,司马南偷税到底该谁担责,坍塌旅馆靠4瓶水存活女孩谈获救经历,淘宝推出首个AI机器人带货主播,蓝色监狱 洁世一,金秀贤一边哭一边喝水,白敬亭 宋轶,李现的微博逐渐奇怪,黑龙江省考成绩,男子肝癌晚期只打一针获新生,李昀锐好标准的体育生下楼梯,番茄小说崩了,影帝,救援队员巨响中摔下废墟爬起撤离,黄子韬徐艺洋睡觉前要对暗号,甲亢哥成都行直播,一万种春天,店主接到近8吨毛肚订单直接报警,美国桥梁用的是咱中国特种钢,清明档预售前三名,IU说雪莉是最漂亮的人,眼泪女王,在单位上班一定要沉得住气,宇露君沾,中共中央政治局3月31日召开会议,薛之谦 愚人节,张若昀站姐拍的刘亦菲,淮水竹亭,日本知名餐饮连锁接连发现老鼠蟑螂,金秀贤还画了下眼线,男婴被4人入室抢走主犯竟是邻居,迪丽热巴繁花行程图,利路修对娱乐圈完全没有不舍,韩国庄仕洋,英雄联盟改名大乱斗联盟,张子贤三月演了仨医生,台湾女教师因批评台独遭台当局约谈,站姐愚人节团建预告,CBA排名,缅甸地震已致2056人死亡,一直对月薪三万没概念直到换算成天,乘风2025最新排名,黄霄雲方回应翻唱争议,发条微博致敬王伟烈士,赴山海,孟晚舟华为年报致辞,姚安娜带华为手机参加活动,留几手斥责当侯佩岑面提周杰伦,吴柳芳发博过三月三,我是如何熬过初中三年的,李现又去公园打鸟了,QQ音乐 内涵,时代少年团直播,找工作不要限制于招聘app,赵雅芝儿子,公摊面积最大的蔬菜,女装啥时候能回归正常审美,别家站姐拍的鞠婧祎,入室抢婴案奶奶因自责12年独自过春节,金秀贤公开录音证据,丁禹兮被野人追路透,许嵩新歌野路,6名员工幸存只有她还埋在废墟下,iPhone17Pro十大升级,苹果演唱会模式,疑似沈月亚洲最美面孔脱敏训练,辛云来回应认知度低,专家称缅甸震区首先需预防肠道传染病,公孙离FMVP皮肤,日本对中国人民负有严重历史罪责,愚人节文案,甲亢哥被喷火表演吓到尖叫,中国政府首批援助物资抵缅,重庆市政协副主席段成刚被查,门童泰国事件,成毅站姐发任嘉伦,女子潜水被鲨鱼咬残水下未配安全员,中国救援队员枕着路基睡着了,尹锡悦核心亲信被调查期间身亡,林昀儒3比1薛飞,郑钦文担任时尚杂志客座编辑,贺峻霖站姐拍的杨紫,于正晒娜扎剧照,呼叫81192,天赐的声音6首录直播,门童韩泰山,钟南山提醒剩饭剩菜别强吃,男子离婚3年发现女儿非亲生,乔欣31岁了,雁回时反转,赤脚鬼,一诺雨中撑伞图,你平均一天走多少步,零公摊时代真的要来了吗,男子身上发痒检查后确诊肝癌,赵奕欢的裙子上是古代仕女图,恋与深空,内娱站姐发的权志龙,海棠花,光与夜之恋愚人节,EXO将进行13周年直播,美股,78个货到付款快递被拒签小哥报警后获奖励,男子赠妻子闺蜜7万被判全额返还加利息,烟霄昀散,日本再发特大地震风险评估,苏新皓站姐发了好多cp,慎买带有QS标志产品,雁回时你要我哭死吗,50万竟然买了4辆宝马,上海一彩民守号2个月中1000.9万,吴艳妮秀超美新造型,魔鬼鱼,罗渽民站姐发了19年星光大赏的鹿晗,CBA技术台骂人,乘客开门杀致人死亡网约车司机获刑,张国荣时装男士四月刊封面,夹竹桃 中毒,虞书欣往导演头上泼水,侯佩岑好会爱人,机票代理水有多深,比尔盖茨称10年内AI将影响两大职业,封神2将从影院下映,缅甸地震已遇难2065人,提高墙体楼板隔声性能,27岁女生用12年从专科到留学硕士,四月,4层及以上住宅设电梯,专家称本次演练没有代号因为已是常态,周雨彤去冰岛了,梁洁造型师,杨幂卡点发文和蜜蜂庆生,马斯克称火星将是美国的一部分,南京推出公积金全家桶政策助力买房,张真源站姐拍的许嵩,易烊千玺艺术生活照,檀健次 帕拉丁,王者荣耀,蓝莓便宜了,反制针对台独绝非针对广大台湾同胞,特朗普推进俄乌停火或遭显著挫败,申请过国家助学贷款的同学注意了,黄金,张杰发博庆祝破纪录,BLACKPINK未公开的物料,甲亢哥一眼认出大张伟头像,newjeans是高层内斗的牺牲品吗,男子发现打工养了7年的女儿非亲生,by2十六年后再穿出道战衣,马柏全站姐发了张康乐,为什么韩国人喜欢去张家界,人民海军76周年,华晨宇全球歌迷会声明,室友电动车燃爆烧伤大学生案新进展,马吟吟被宋妍霏迷成胚胎了,2024的愚人节勇士站姐,bjd娃娃,缅甸地震仍有270人失踪,张若昀唐艺昕在朋友聚会认识,陈昊宇陈丽君四公帮唱,4月一起加油,金秀贤记者会最起鸡皮疙瘩的一句话,檀健次当评委了,来自假惺惺的你,中国咖啡98%来自云南,为什么每年都会怀念张国荣,想和你去四月的春天里坐坐,难哄3月全网播放冠军,挖野菜,佳霏猫,黄子弘凡剧透了一首非常丰富的歌,春日壁纸,泰高空走廊被震断男子奋力跳向对面,马龙说全运会后还想参加比赛,多图直击缅甸震中救援现场,大克重金饰销量随金价上涨下滑,美国又有一架飞机坠毁,年级主任多次让学生砸手机手表,重新定义39岁不着调的中年女性,关于健全社会信用体系的意见,这是我们要建成的科技强国,你的存在本身就是另一种答案,光遇